 25 25 28 39.75 42.48 44.30 777736 0.00 0.00 0.00     0 39.75 42.48 44.30 61079     0 0.028
 25 25 28 39.75 42.48 44.30 777736 0.00 0.00 0.00     0 39.75 42.48 44.30 61079     0 0.027
 25 25 28 39.75 42.48 44.30 777736 0.00 0.00 0.00     0 39.75 42.48 44.30 61079     0 0.028
 25 25 28 39.75 42.48 44.30 777736 0.00 0.00 0.00     0 39.75 42.48 44.30 61079     0 0.028
 25 25 28 39.75 42.48 44.30 777736 0.00 0.00 0.00     0 39.75 42.48 44.30 61079     0 0.029
 25 25 28 39.75 42.48 44.30 777736 0.00 0.00 0.00     0 39.75 42.48 44.30 61079     0 0.028
 25 25 28 39.75 42.48 44.30 777736 0.00 0.00 0.00     0 39.75 42.48 44.30 61079     0 0.027
 25 25 28 39.75 42.48 44.30 777736 0.00 0.00 0.00     0 39.75 42.48 44.30 61079     0 0.028
 75 25 28 39.50 43.46 44.84 2148744 0.00 0.00 0.00     0 39.50 43.46 44.84 56837     0 0.031
 75 25 28 39.50 43.46 44.84 2148744 0.00 0.00 0.00     0 39.50 43.46 44.84 56837     0 0.030
 75 25 28 39.50 43.46 44.84 2148744 0.00 0.00 0.00     0 39.50 43.46 44.84 56837     0 0.032
 75 25 28 39.50 43.46 44.84 2148744 0.00 0.00 0.00     0 39.50 43.46 44.84 56837     0 0.028
 75 25 28 39.50 43.46 44.84 2148744 0.00 0.00 0.00     0 39.50 43.46 44.84 56837     0 0.028
 75 25 28 39.50 43.46 44.84 2148744 0.00 0.00 0.00     0 39.50 43.46 44.84 56837     0 0.028
 75 25 28 39.50 43.46 44.84 2148744 0.00 0.00 0.00     0 39.50 43.46 44.84 56837     0 0.028
 75 25 28 39.50 43.46 44.84 2148744 0.00 0.00 0.00     0 39.50 43.46 44.84 56837     0 0.028
 75 25 28 39.50 43.46 44.84 2148744 0.00 0.00 0.00     0 39.50 43.46 44.84 56837     0 0.028
 75 25 28 39.50 43.46 44.84 2148744 0.00 0.00 0.00     0 39.50 43.46 44.84 56837     0 0.032
